500
114 60
60 56
56 293
293 377
377 27
27 16
16 335
335 79
79 106
106 160
160 298
298 463
463 454
454 188
188 196
196 84
84 92
92 306
306 171
171 204
204 213
213 222
222 441
441 246
246 284
284 221
221 252
252 201
201 447
447 77
77 108
108 328
328 55
55 248
248 478
478 344
344 13
13 64
64 130
130 184
184 17
17 249
249 259
259 297
297 342
342 164
164 483
483 266
266 492
492 361
361 135
135 3
3 421
421 11
11 2
2 198
198 237
237 162
162 426
426 432
432 405
405 50
50 312
312 332
332 67
67 437
437 291
291 488
488 494
494 212
212 140
140 399
399 366
366 244
244 149
149 174
174 415
415 274
274 192
192 468
468 229
229 161
161 498
498 375
375 379
379 39
39 214
214 281
281 177
177 353
353 36
36 103
103 472
472 178
178 433
433 215
215 465
465 271
271 402
402 367
367 460
460 85
85 345
345 370
370 0
0 228
228 292
292 52
52 424
424 329
329 423
423 331
331 308
308 434
434 486
486 466
466 464
464 147
147 210
210 190
190 127
127 406
406 487
487 104
104 88
88 412
412 255
255 385
385 368
368 209
209 227
227 467
467 47
47 386
386 307
307 141
141 48
48 18
18 301
301 407
407 346
346 430
430 119
119 136
136 374
374 153
153 199
199 220
220 137
137 72
72 371
371 414
414 91
91 8
8 311
311 115
115 144
144 113
113 242
242 355
355 264
264 69
69 46
46 428
428 419
419 380
380 288
288 68
68 185
185 408
408 134
134 180
180 340
340 157
157 22
22 443
443 156
156 37
37 469
469 51
51 29
29 263
263 324
324 330
330 449
449 384
384 74
74 343
343 118
118 372
372 260
260 334
334 363
363 208
208 102
102 436
436 254
254 287
287 495
495 145
145 191
191 270
270 455
455 479
479 387
387 166
166 235
235 54
54 96
96 109
109 59
59 326
326 352
352 258
258 1
1 403
403 273
273 457
457 129
129 253
253 24
24 203
203 183
183 15
15 341
341 315
315 217
217 200
200 250
250 339
339 133
133 444
444 446
446 93
93 396
396 319
319 189
189 71
71 10
10 206
206 282
282 28
28 173
173 230
230 265
265 90
90 155
155 44
44 456
456 89
89 132
132 351
351 309
309 124
124 49
49 448
448 95
95 247
247 450
450 473
473 142
142 397
397 357
357 172
172 167
167 322
322 497
497 493
493 354
354 20
20 120
120 158
158 499
499 78
78 283
283 154
154 35
35 431
431 416
416 243
243 476
476 75
75 261
261 45
45 101
101 418
418 388
388 398
398 223
223 302
302 289
289 165
165 238
238 256
256 285
285 269
269 417
417 32
32 202
202 40
40 26
26 438
438 348
348 123
123 63
63 70
70 440
440 30
30 390
390 337
337 43
43 491
491 122
122 170
170 97
97 34
34 373
373 126
126 112
112 420
420 186
186 280
280 378
378 358
358 176
176 389
389 224
224 148
148 197
197 82
82 5
5 381
381 225
225 73
73 245
245 313
313 462
462 81
81 241
241 305
305 216
216 276
276 411
411 471
471 410
410 290
290 143
143 6
6 218
218 277
277 278
278 234
234 391
391 338
338 138
138 484
484 409
409 239
239 392
392 181
181 240
240 362
362 231
231 356
356 219
219 57
57 14
14 152
152 128
128 470
470 98
98 482
482 42
42 296
296 490
490 86
86 427
427 21
21 100
100 382
382 163
163 7
7 489
489 350
350 257
257 299
299 107
107 451
451 325
325 314
314 318
318 401
401 365
365 83
83 452
452 435
435 376
376 146
146 139
139 105
105 316
316 4
4 267
267 175
175 422
422 195
195 12
12 151
151 9
9 159
159 205
205 94
94 317
317 233
233 99
99 349
349 477
477 425
425 442
442 327
327 347
347 58
58 394
394 320
320 453
453 110
110 53
53 300
300 41
41 279
279 150
150 76
76 459
459 475
475 303
303 38
38 369
369 336
336 295
295 262
262 268
268 404
404 211
211 400
400 182
182 286
286 359
359 304
304 125
125 169
169 193
193 111
111 251
251 275
275 116
116 23
23 65
65 80
80 117
117 121
121 321
321 458
458 413
413 232
232 496
496 364
364 485
485 395
395 445
445 333
333 439
439 62
62 207
207 323
323 61
61 226
226 429
429 360
360 310
310 474
474 19
19 272
272 66
66 480
480 236
236 481
481 87
87 25
25 179
179 383
383 33
33 294
294 393
393 187
187 131
131 194
194 461
461 31
31 168
